DRIVER
  os.environ['SMA_TSO_COSMOS_ELEMAT'] = '1'
  driver.registerSaveRule( UpdateRules.COPY, CheckPoints.ITER_COMPLETE, EventTimes.LAST, [ '*.ste*' ], 'SAVE.ste', '' )
  driver.registerSaveRule( UpdateRules.COPY, CheckPoints.ITER_COMPLETE, EventTimes.LAST, [ '*.lcd*' ], 'SAVE.ste', '' )
  driver.registerSaveRule( UpdateRules.COPY, CheckPoints.ITER_COMPLETE, EventTimes.LAST, [ '*.lcm*' ], 'SAVE.ste', '' )
END_

FEM_INPUT
  ID_NAME = 1-Frame-Topology_Study_3_1
  FILE = 1-Frame-Topology Study 3.NOD
END_

*SET_DB,rint,130,1

GROUP_DEF
  ID_NAME = FROZEN_AREA_ELEMS_GRP_1
  TYPE=ELEM
  FORMAT=LIST
  LIST_BEGIN
16,27,75,116,155,167,223,271,315,316,326,341,343,381,415,425,461,492,494,522,542,569,581,605,
624,630,647,653,711,716,735,766,768,777,831,855,860,882,911,922,929,967,995,1133,1149,1159,
1169,1172,1234,1286,1299,1337,1352,1410,1432,1442,1479,1550,1552,1557,1563,1575,1584,1599,
1600,1709,1710,1734,1753,1980,2120,2408,2489,2589,2746,2747,2777,2786,2962,3287,3433,3493,
3523,3600,3606,3647,3648,3650,3675,3710,3734,3745,3752,3756,3757,3764,3765,3781,3880,3885,
3892,3914,3915,3930,3938,3948,3972,3994,4032,4039,4051,4070,4090,4121,4170,4172,4200,4203,
4206,4252,4266,4271,4278,4304,4309,4412,4442,4454,4491,4500,4567,4607,4640,4698,5422,6125,
6493,6522,6696,6697,6995,7759,7790,8002,8003,8004,8005,8008,8715,8716,8722,8824,8828,8990,
9220,9292,9586,9587,9703,9753,9994,10044,10557,10655,10656,10763,10999,11156,11159,11310,11588,
11595,11612,11667,11707,12252,12345,12415,12483,12495,12507,12523,12530,12535,12564,12572,
12600,12622,12654,12677,12711,12751,12754,12763,12800,12821,12838,12910,12924,12926,12958,
12986,12987,12993,13016,13050,13129,13158,13179,13186,13266,13331,13419,13431,13457,13512,
13514,13528,13531,13550,13554,13691,13724,13875,14020,14042,14057,14059,14084,14120,14130,
14132,14149,14194,14200,14225,14250,14251,14254,14285,14292,14303,14336,14341,14344,14361,
14362,14394,14423,14426,14438,14443,14499,14505,14548,14581,14582,14599,14640,14658,14756,
14764,14894,14897,14902,15014,15026,15037,15039,15044,15045,15049,15055,15056,15059,15063,
15066,15072,15081,15085,15087,15097,15098,15103,15104,15111,15122,15133,15137,15140,15143,
15160,15161,15167,15168,15170,15173,15178,15179,15181,15187,15197,15199,15201,15202,15203,
15205,15210,15218,15229,15230,15231,15233,15234,15235,15285,15289,15332,15350,15365,15473,
15540,15554,15563,15566,15569,15571,15572,15573,15580,15586,15587,15600,15601,15603,15604,
15605,15610,15611,15612,15615,15616,15617,15618,15623,15627,15631,15632,15634,15636,15639,
15642,15643,15647,15649,15655,15657,15660,15662,15663,15664,15667,15671,15677,15682,15689,
15690,15691,15694,15699,15706,15711,15713,15715,15718,15721,15723,15725,15726,15731,15735,
15743,15746,15749,15751,15760,15761,15764,15767,15768,15771,15774,15777,15778,15781,15785,
15788,15789,15791,15792,15794,15798,15802,15805,15811,15814,15815,15816,15818,15833,15834,
15843,15851,15855,15857,15859,15865,15868,15870,15879,15900,15904,15908,15911,15918,15930,
15932,15936,15947,15957,15959,15962,15965,15968,15976,15977,15978,15981,15982,15983,15986,
15990,15995,16004,16014,16015,16017,16027,16030,16036,16041,16042,16045,16046,16047,16048,
16055,16056,16064,16066,16069,16074,16076,16078,16095,16099,16101,16113,16116,16122,16123,
16124,16126,16131,16132,16136,16144,16147,16165,16171,16172,16176,16178,16191,16194,16195,
16196,16197,16198,16200,16203,16205,16220,16228,16235,16238,16248,16251,16252,16253,16255,
16258,16260,16269,16284,16295,16296,16300,16301,16304,16308,16309,16313,16318,16321,16336,
16340,16344,16347,16349,16357,16362,16367,16368,16373,16381,16382,16389,16391,16392,16398,
16409,16412,16416,16419,16421,16423,16424,16428,16432,16440,16443,16446,16451,16452,16464,
16465,16471,16474,16477,16478,16486,16493,16497,16498,16506,16512,16520,16540,16549,16555,
16558,16567,16569,16575,16579,16581,16586,16595,16599,16613,16615,16616,16617,16618,16619,
16620,16622,16628,16629,16632,16633,16637,16640,16643,16644,16647,16652,16661,16665,16666,
16668,16670,16672,16673,16681,16684,16688,16698,16705,16708,16715,16717,16734,16736,16743,
16750,16751,16753,16756,16757,16759,16762,16767,16770,16792,16793,16799,16804,16805,16816,
16820,16825,16837,16841,16842,16844,16846,16847,16848,16852,16860,16870,16871,16895,16896,
16902,16904,16905,16910,16921,16922,16925,16926,16928,16930,16947,16949,16966,16981,16982,
16987,16988,16989,17004,17005,17023,17034,17040,17047,17048,17050,17054,17056,17065,17068,
17072,17102,17112,17113,17116,17121,17124,17143,17147,17151,17155,17156,17157,17163,17171,
17173,17176,17187,17202,17204,17207,17214,17215,17228,17229,17233,17238,17243,17245,17246,
17249,17259,17261,17290,17292,17293,17298,17301,17308,17312,17315,17332,17337,17339,17343,
17344,17349,17351,17356,17364,17365,17372,17387,17401,17409,17410,17416,17417,17419,17427,
17431,17432,17439,17440,17441,17443,17444,17447,17467,17470,17471,17476,17477,17484,17492,
17502,17504,17505,17514,17537,17540,17545,17551,17560,17561,17568,17576,17580,17582,17613,
17614,17617,17625,17627,17630,17633,17638,17640,17644,17660,17662,17668,17671,17682,17685,
17690,17691,17692,17694,17697,17698,17704,17706,17723,17727,17728,17730,17740,17747,17767,
17769,17776,17783,17784,17786,17787,17788,17792,17816,17828,17833,17837,17846,17853,17869,
17872,17894,17899,17906,17917,17924,17925,17939,17941,17945,17951,17958,17960,17966,17970,
17981,17984,17998,18014,18020,18028,18036,18046,18055,18060,18063,18064,18065,18068,18072,
18073,18074,18075,18081,18095,18111,18133,18150,18178,18179,18182,18184,18187,18188,18195,
18196,18197,18199,18201,18204,18212,18214,18215,18227,18228,18236,18242,18248,18250,18253,
18255,18258,18259,18264,18265,18270,18275,18276,18285,18300,18317,18319,18327,18348,18368,
18372,18375,18402,18408,18411,18415,18418,18420,18421,18425,18427,18428,18430,18434,18442,
18448,18449,18455,18471,18472,18475,18476,18478,18479,18483,18487,18498,18499,18503,18505,
18508,18509,18514,18523,18525,18526,18528,18532,18539,18546,18552,18555,18556,18558,18559,
18561,18566,18567,18568,18572,18574,18578,18582,18583,18585,18588,18593,18597,18598,18601,
18605,18606,18618,18620,18621,18622,18623,18631,18641,18650,18651,18656,18658,18659,18663,
18665,18669,18673,18674,18684,18687,18693,18701,18702,18706,18708,18709,18711,18714,18718,
18721,18725,18728,18734,18735,18742,18744,18745,18748,18749,18750,18753,18756,18758,18760,
18761,18763,18764,18771,18773,18776,18780,18785,18787,18791,18792,18794,18795,18800,18810,
18812,18817,18820,18821,18824,18831,18838,18841,18848,18849,18855,18858,18859,18864,18868,
18871,18875,18878,18879,18881,18884,18885,18887,18888,18893,18894,18896,18903,18911,18914,
18915,18927,18930,18938,18942,18946,18952,18958,18959,18961,18972,18974,18976,18977,18978,
18984,18986,18987,19000,19003,19005,19006,19007,19008,19011,19017,19020,19021,19025,19037,
19042,19044,19048,19054,19055,19062,19063,19067,19069,19070,19071,19072,19073,19074,19078,
19080,19084,19092,19094,19101,19102,19107,19109,19111,19114,19116,19119,19120,19125,19128,
19133,19140,19141,19150,19151,19152,19155,19161,19162,19166,19171,19175,19176,19177,19182,
19183,19197,19201,19203,19204,19206,19207,19221,19223,19225,19227,19231,19235,19238,19244,
19248,19251,19254,19258,19259,19266,19271,19273,19282,19298,19299,19308,19313,19323,19328,
19333,19334,19337,19338,19353,19358,19366,19377,19381,19386,19402,19404,19407,19416,19420,
19434,19441,19443,19449,19457,19459,19469,19479,19499,19503,19508,19524,19531,19537,19547,
19552,19554,19555,19557,19558,19559,19572,19574,19591,19594,19599,19601,19605,19619,19633,
19639,19640,19650,19653,19662,19667,19677,19690,19699,19706,19708,19716,19725,19726,19727,
19728,19734,19736,19739,19775,19789,19814,19841,19844,19872,19877,19878,19881,19896,19905,
19906,19915,19918,19924,19927,19931,19933,19940,19957,19966,19974,19984,19986,19990,19993,
19996,19999,20004,20007,20010,20014,20021,20022,20025,20032,20033,20043,20050,20051,20054,
20056,20058,20068,20069,20070,20075,20077,20078,20080,20082,20083,20088,20090,20095,20103,
20105,20108,20127,20128,20131,20132,20133,20136,20143,20150,20155,20157,20159,20161,20162,
20170,20179,20180,20186,20188,20195,20196,20205,20206,20207,20210,20215,20216,20222,20225,
20228,20230,20232,20233,20236,20238,20240,20243,20247,20249,20263,20265,20266,20270,20276,
20280,20285,20288,20289,20291,20295,20296,20307,20319,20321,20327,20331,20333,20334,20335,
20337,20343,20344,20346,20352,20366,20370,20374,20383,20388,20389,20392,20394,20396,20398,
20400,20401,20402,20403,20406,20407,20414,20415,20416,20417,20423,20424,20426,20427,20429,
20430,20433,20440,20450,20454,20459,20463,20467,20469,20474,20478,20479,20485,20486,20492,
20495,20498,20500,20501,20504,20507,20509,20511,20512,20513,20516,20520,20523,20525,20531,
20535,20540,20542,20550,20554,20558,20559,20564,20565,20568,20572,20573,20587,20589,20590,
20591,20596,20601,20602,20603,20616,20637,20640,20642,20644,20646,20647,20654,20656,20657,
20674,20675,20677,20678,20679,20685,20686,20689,20690,20699,20718,20727,20728,20736,20737,
20750,20751,20753,20758,20760,20763,20764,20766,20767,20774,20790,20791,20802,20824,20838,
20851,20855,20860,20865,20868,20869,20874,20875,20880,20885,20888,20890,20892,20894,20896,
20917,20925,20928,20929,20932,20935,20940,20942,20944,20949,20951,20956,20958,20959,20962,
20966,20967,20973,20975,20976,20979,20987,20988,20995,20998,21001,21009,21010,21011,21014,
21019,21023,21029,21043,21044,21062,21064,21065,21067,21069,21071,21072,21078,21079,21090,
21092,21094,21095,21102,21111,21117,21122,21123,21127,21128,21131,21135,21139,21140,21142,
21144,21163,21168,21178,21179,21185,21192,21209,21211,21214,21218,21220,21223,21233,21239,
21249,21251,21255,21257,21259,21267,21276,21277,21278,21285,21290,21298,21301,21309,21311,
21312,21317,21322,21327,21331,21332,21335,21336,21346,21349,21350,21353,21357,21358,21364,
21368,21369,21371,21373,21375,21376,21381,21382,21383,21384,21389,21392,21394,21395,21396,
21402,21403,21404,21405,21406,21408,21411,21413,21414,21418,21419,21420,21430,21442,21444,
21454,21460,21465,21466,21468,21490,21491,21493,21494,21497,21503,21511,21512,21522,21523,
21525,21528,21536,21538,21544,21552,21553,21555,21562,21573,21576,21583,21586,21595,21597,
21601,21602,21604,21618,21619,21623,21624,21627,21629,21632,21634,21636,21638,21641,21642,
21643,21646,21647,21648,21655,21661,21666,21668,21670,21676,21678,21679,21680,21686,21691,
21697,21700,21705,21707,21708,21709,21710,21713,21714,21720,21721,21729,21735,21769,21770,
21771,21772,21773,21775,21777,21784,21785,21795,21798,21800,21801,21802,21807,21808,21810,
21813,21816,21824,21829,21831,21833,21836,21841,21847,21848,21853,21855,21868,21873,21877,
21882,21884,21886,21893,21894,21905,21907,21912,21915,21916,21919,21921,21929,21930,21932,
21936,21937,21938,21941,21946,21951,21959,21964,21969,21970,21971,21974,21978,21979,21980,
21982,21984,21990,21995,21999,22007,22011,22012,22014,22017,22026,22033,22039,22042,22044,
22049,22050,22051,22053,22055,22056,22061,22062,22067,22069,22070,22072,22076,22086,22089,
22096,22101,22103,22107,22108,22125,22136,22141,22148,22158,22160,22164,22169,22173,22174,
22189,22210,22214,22225,22240,22242,22266,22267,22274,22277,22281,22282,22291,22293,22304,
22307,22311,22316,22323,22324,22326,22329,22337,22347,22354,22356,22361,22362,22366,22376,
22389,22394,22397,22401,22407,22408,22409,22410,22414,22415,22416,22417,22418,22421,22423,
22427,22429,22430,22431,22435,22437,22442,22443,22445,22448,22452,22453,22458,22459,22462,
22467,22470,22482,22485,22486,22491,22495,22504,22516,22539,22542,22543,22556,22562,22569,
22570,22571,22573,22574,22591,22597,22599,22600,22603,22606,22608,22609,22616,22621,22633,
22634,22637,22645,22647,22648,22650,22663,22670,22675,22678,22688,22691,22700,22701,22709,
22712,22713,22714,22721,22727,22730,22740,22741,22744,22757,22762,22764,22765,22769,22780,
22782,22783,22789,22812,22818,22825,22830,22833,22838,22847,22848,22850,22856,22861,22862,
22864,22870,22873,22878,22889,22894,22900,22903,22907,22908,22909,22918,22921,22922,22924,
22930,22931,22932,22935,22936,22946,22948,22961,22966,22973,22974,22977,22981,22992,23003,
23010,23016,23025,23039,23040,23041,23047,23050,23057,23065,23066,23072,23084,23091,23097,
23100,23129,23137,23179,23180,23196,23200,23214,23248,23267,23307,23332,23341,23343,23363,
23392,23397,23404,23407,23417,23423,23430,23433,23443,23449,23453,23459,23480,23495,23504,
23505,23516,23518,23533,23535,23540,23552,23584,23598,23601,23642,23682,23693,23703,23704,
23706,23713,23731,23751,23756,23757,23763,23765,23766,23770,23773,23777,23779,23780,23782,
23788,23789,23798,23799,23801,23802,23803,23813,23815,23832,23834,23835,23838,23840,23847,
23849,23851,23856,23858,23868,23869,23872,23873,23876,23877,23878,23881,23886,23888,23889,
23890,23893,23894,23895,23898,23912,23917,23928,23930,23932,23937,23941,23947,23956,23959,
23961,23963,23965,23973,23974,23979,23980,23988,23991,23999,24001,24005,24006,24017,24018,
24023,24024,24025,24030,24031,24034,24035,24041,24045,24047,24048,24049,24051,24059,24069,
24078,24082,24084,24086,24090,24092,24094,24095,24101,24103,24104,24105,24107,24109,24110,
24111,24112,24113,24115,24118,24119,24121,24123,24124,24128,24132,24141,24146,24148,24150,
24155,24161,24163,24168,24170,24174,24178,24179,24181,24199,24202,24208,24266,24272,24274,
24275,24281,24287,24288,24289,24290,24291,24317,24329,24335,24337,24338,24342,24346,24352,
24361,24362,24363,24368,24372,24385,24392,24398,24407,24414,24424,24430,24433,24444,24452,
24456,24463,24465,24467,24468,24470,24476,24480,24482,24486,24489,24490,24495,24503,24511,
24548,24557,24563,24566,24569,24570,24579,24581,24583,24585,24593,24594,24595,24599,24608,
24616,24623,24626,24629,24630,24642,24649,24655,24660,24664,24671,24672,24673,24677,24683,
24688,24689,24691,24692,24703,24715,24722,24733,24736,24737,24738,24739,24741,24747,24749,
24752,24754,24755,24757,24758,24763,24764,24770,24772,24773,24775,24851,24853,24854,24861,
24862,24864,24869,24870,24872,24874,24877,24880,24882,24884,24885,24888,24889,24890,24892,
24897,24898,24902,24906,24919,24924,24931,24940,24975,24977,24979,24999,25007,25009,25012,
25014,25020,25023,25031,25038,25090,25098,25106,25107,25109,25111,25113,25130,25131,25135,
25137,25142,25144,25161,25162,25165,25173,25183,25185,25188,25190,25210,25228,25230,25231,
25235,25237,25243,25244,25251,25253,25267,25268,25272,25274,25275,25277,25278,25288,25295,
25312,25321,25325,25327,25328,25337,25343,25348,25349,25350,25376,25384,25392,25397,25398,
25406,25412,25423,25425,25428,25432,25433,25439,25446,25458,25469,25472,25478,25479,25488,
25491,25495,25498,25503,25505,25506,25508,25514,25515,25517,25519,25526,25530,25536,25542,
25548,25550,25553,25559,25567,25577,25591,25592,25595,25612,25657,25658,25673,25677,25687,
25731,25732,25769,25787,25788,25789,25805,25806,25809,25811,25819,25835,25848,25851,25863,
25879,25880,25883,25884,25901,25927,25967,25981,25986,25987,25988,25990,25992,26011,26014,
26016,26039,26040,26043,26046,26047,26055,26056,26058,26063,26068,26071,26073,26077,26078,
26079,26080,26081,26085,26092,26098,26107,26109,26116,26119,26120,26121,26123,26130,26131,
26135,26137,26142,26147,26152,26153,26156,26165,26170,26171,26173,26175,26176,26179,26183,
26188,26190,26193,26194,26197,26198,26200,26206,26216,26221,26224,26227,26229,26230,26232,
26236,26237,26246,26253,26256,26259,26268,26274,26275,26284,26286,26287,26288,26294,26321,
26322,26324,26340,26361,26377,26396,26400,26417,26433,26434,26490,26495,26501,26505,26506,
26508,26509,26515,26517,26525,26539,26542,26545,26546,26547,26552,26554,26555,26559,26567,
26575,26577,26578,26581,26587,26591,26592,26597,26598,26601,26602,26603,26604,26609,26631,
26637,26640,26643,26647,26668,26669,26670,26673,26675,26678,26687,26691,26701,26702,26703,
26719,26721,26724,26728,26735,26736,26737,26741,26748,26749,26750,26752,26761,26766,26768,
26770,26776,26788,26801,26806,26827,26831,26832,26838,26844,26846,26856,26864,26869,26893,
26894,26900,26901,26915,26918,26920,26931,26933,26934,26939,26940,26941,26942,26947,26955,
26958,26966,26967,26968,26969,26978,26983,26986,26994,26995,26998,27004,27005,27006,27007,
27010,27012,27022,27026,27031,27041,27046,27050,27068,27069,27070,27077,27079,27082,27085,
27095,27105,27110,27111,27113,27116,27125,27128,27135,27141,27144,27147,27149,27151,27154,
27161,27164,27168,27171,27172,27176,27177,27181,27186,27188,27190,27192,27194,27200,27202,
27206,27208,27211,27212,27216,27225,27231,27232,27236,27240,27244,27250,27254,27257,27259,
27260,27261,27263,27265,27269,27272,27274,27277,27293,27309,27310,27311,27323,27325,27326,
27332,27337,27338,27340,27344,27345,27348,27349,27352,27358,27362,27363,27364,27366,27476,
27523,27848,27902,28019,28021,28031,28032,28143,28338,28401,28442,28445,28591,28726,28748,
28762,28763,28816,28830,28927,28931,28938,28939,28947,28956,29220,29232,29235,29236,29267,
29271,29275,29281,29346,29349,29352,29353,29457,29463,29525,29529,29532,29631,29659,29671,
29695,29724,29739,29768,29786,29795,29807,29810,30010,30017,30021,30022,30026,30030,30031,
30035,30038,30043,30044,30046,30048,30052,30053,30057,30060,30103,30223,30238,30247,30256,
30264,30265,30270,30317,30346,30553,30558,30973,31017,31018,31024,31103,31109,31112,31205,
31288,31313,31316,31332,31344,31369,31376,31409,31470,31487,31503,31509,31513,31523,31530,
31540,31554,31561,31562,31568,31575,31583,31592,31600,31606,31607,31638,31666,31744,31806,
32002,32142,32189,32201,32513,32583,32720,32721,32722,32723,32724,32898,32950,32987,32992,
33392,33395,33442,33444,33464,33471,33489,33513,33533,33540,33545,33708,33757,33860,33861,
33899,33900,34000,34024,34029,34033,34278,34323,34335,34645,34729,34733,34829,34835,34960,
34968,34972,34973,34988,34997,35117,35119,35123,35124,35128,35135,35136,35141,35144,35280,
35291,35300,35306,35390,35392,35410,35421,35486,35515,35539,35542,35543,35562,35563,35569,
35572,35573,35605,35612,35615,35623,35639,35653,35659,35667,35668,35669,35690,35721,35752,
35756,35757,35761,35886,35898,35951,35993,36033,36098,36108,36120,36137,36258,36349,36362,
36380,36433,36434,36449,36689,36742,36743,36794,36826,37058,37160,37176,37189,37209,37230,
37374,37412,37429,37460,37513,37524,37549,37577,37621,37661,37666,37670,37671,37679,37683,
37695,37758,37759,37760,37791,37845,37963,37969,38135,38165,38204,38205,38207,38208,38470,
38631,38643,38879,38915,38981,38991,39015,39209,39220,39225,39229,39284,39323,39356,39366,
39419,39429,39477,39983,40038,40052,40054,40379,40387,40593,40610,40618,40736,40738,40745,
40748,40775,40817,40818,40823,41050,41227,41241,41529,41533,41959,41964,41971,42026,42077,
42086,42107,42110,42313,42319,42320,42360,42367,42872,42876,42943,42977,42995,42998,43026,
43040,43077,43103,43113,43154,43205,43287,43289,43400,43415,43419,43424,43425,43434,43441,
43511,43513,43518,43524,43636,43692,43708,43709,43777,43844,43860,44109,44112,44113,44127,
44242,44243,44434,44448,44821,44831,44882,44892,44901,44917,44918,44962,44973,44974,45122,
45162,45165,45310,45323,45410,45450,45482,45491,45538,45544,45579,45615,45773,45909,45913,
46114,46172,46257,46261,46277,46475,46522,46523,46575,46592,46596,46600,46670,46686,46789,
46790,46792,46848,47000,47074,47076,47087,47128,47335,47344,47347,47460,47483,47506,48342,
48483,48635,48636,48669,48674,48686,48689,48708,48722,48746,48825,48862,48883,49052,49121,
49196,49204,49205,49208,49209,49215,49219,49231,49232,49305,49372,49416,49417,49471,49481,
49500,49534,49640,49642,49795,49803,49943,50089,50204,50299,50307,50316,50321,50342,50422,
50425,50527,50711,50933,50955,50960,50962,51221,51222,51230,51526,51544,51546,51551,51593,
51595,51601,51682,51686,51696,51699,51736,51764,51788,51797,51799,51881,51943,51950,52192,
52332,52338,52660,52692,52696,52708,52787,52859,52895,52956,52992,52995,53065,53070,53071,
53078,53079,53095,53098,53195,53227,53228,53231,53282,53283,53284,53322,53676,53749,53921,
53926,53975,53987,54073,54326,54371,54396,54403,54533,54547,54550,54553,54939,55167,55183,
55216,55237,55317,55321,55327,55331,55764,55769,55774,55777,55779,56010,56012,56015,56024,
56123,56152,56232,56263,56267,56271,56378,56379,56381,56384,56385,56387,56392,56395,56396,
56397,56406,56412,56413,56416,56418,56430,56431,56438,56439,56445,56446,56447,57014,57069,
57113,57127,57354,57390,57402,57487,57935,57949,57971,57987,57998,58024,58034,58071,58072,
58081,58172,58210,58283,58293,58327,58330,58337,58355,58363,58390,58576,58890,58902,58915,
58937,58938,58952,59190,59196,59229,59463,59479,59495,59498,59538,59539,59540,59541,59548,
59552,59553,59568,59598,59641,59709,59808,59841,59842,59872,59882,59888,59891,59893,59894,
60083,60085,60094,60095,60201,60202,60402,60403,60404,60405,60419,60445,60651,60652,60653,
60656,60660,60661,60663,60681,60682,60683,60685,60686,60687,60689,60692,60965,60991,61113,
61129,61467,61468,62157,62186,62278,62339,62430,62445,62452,63337,63344,63351,63355,63365,
63774,63784,63788,63794,64025,64029,64039,64180,64251,64463,64475,64479,64597,64606,64607,
64723,64842,64846,64867,64893,64967,64974,64986,64989,64993,65084,65133,65143,65162,65518,
65520,65582,65907,65916,65986,65987,66094,66095,66121,66173,66253,66321,66355,66529,66537,
66703,66749,66750,66753,67550,67551,67622,67659,67766,67895,68030,68031,68032,68036,68045,
68054,69041,69210,69470,69475,69546,69551,69630,69646,69676,69777,69793,69799,69900,69987,
70209,70216,70252,70556,70559,70617,70619,70694,70698,70710,70736,70746,70753,70756,70864,
70948,71075,71078,71115,71349,71448,71450,71620,71813,71908,71965,71992,72015,72031,72057,
72060,72457,72473,72552,72585,72647,72651,72881,72887,73001,73005,73253,73257,73312,73367,
73368,73373,73381,73396,73400,73458,73460,73479,73481,73489,73524,73528,73529,73533,73724,
73728,74857,74868,74869,74871,75046,75061,75117,75159,75751,75805,75806,76035,76123,76250,
76471,76614,76647,77290,77305,77713,77717,77718,77725,77837,77842,77938,78417,78736,79122,
79151,79153,79165,79335,79415,79420,79462,79469,79470,79548,80132,80135,80214,80218,80234,
80238,80242,80291,80372,80377,80384,80417,80551,80639,80710,80715,80759,80766,80814,80815,
80834,80841,80884,80887,80920,80999,81234,81400,81455,81821,81856,81878,81879,82082,82339,
82340,82355,82357,82361,82363,82444,82445,82493,82506,82533,82645,82711,82739,83119,83122,
83127,83388,83389,83404,83406,83482,83488,83489,83560,83640,83693,83923,83945,83947,84032,
84075,84134,84233,84236,84237,84350,84399,84473,84510,84561,84562,84668,84833,84976,85514,
85526,85530,85773,85945,85996,86097,86110,86141,86228,86310,86313,86373,86400,86436,86486,
86550,86552,86594,86625,86895,86905,87028,87035,87043,87303,87305,87472,87487,87729,87730,
87740,87743,87747,87764,87824,87831,87922,88045,88172,88241,88533,88677,88693,88825,88853,
88971,89563,89566,89568,89593,89613,89646,89831,89893,89905,90033,90042,90214,90232,90281,
90346,90482,90536,90563,90564,90592,90598,90603,90657,90681,91084,91085,91142,91148,91150,
91151,91256,91313,91467,91472,91579,91589,91592,91596,91598,91599,91600,91606,91607,91608,
91637,91867,92100,92137,92242,92412,92419,92430,92445,92461,92699,92705,92720,92877,92938,
93013,93513,93599,93704,93708,93717,93725,93864,93897,94065,94099,94181,94236,94274,94411,
94459,94470,94638,94709,94722,94902,94922,94923,94925,95649,95753,95757,96325,96337,96351,
96482,96500,96511,97283,97328,97514,97522,97760,97770,97771,97809,97813,97815,97835,97836,
97851,97931,97945,97950,97959,97998,98002,98004,98012,98035,98037,98045,98046,98048,98056,
98061,98079,98119,98132,98340,98341,98352,98356,98357,98414,98477,98546,98809,98920,98923,
98929,99057,99138,99139,99276,99481,99640,99699,99701,99708,99734,99955,99957,100506,100865,
100866,101056,101057,101087,101178,101190,101191,101192,101193,101194,101196,101205,101211,
101212,101237,101250,101251,101254,101257,101258,101267,101309,101366,101367,101382,101388,
101448,101470,101474,101504,101589,101867,101937,101974,102043,102044,102046,102048,102050,
102065,102108,102109,102110,102198,102235,102259,102286,102344,102345,102357,102358,102359,
102360,102361,102467,102469,102470,102472,102474,102481,102500,102525,102603,102604,102606,
102678,102681,102682,102806,102863,102959,102985,102986,102987,102990,102998,103002,103008,
103009,103049,103110,103115,103116,103121,103122,103180,103263,103386,103418,103419,103424,
103464,103468,103542,103545,103547,103551,103552,103555,103573,103574,103607,103639,103640,
103648,103651,103653,103660,103673,103677,103678,103695,103771,103838,103839,103865,103867,
103873,103882,103919,103926,103927,103975,104008,104104,104105,104117,104118,104119,104234,
104348,104349,104352,104354,104364,104367,104445,104446,104449,104451,104465,104502,104504,
104506,104508,104511,104512,104576,104577,104578,104579,104580,104581,104685,104698,104702,
104703,104704,104709,104732,104735,104779,104866,104869,104870,104876,104904,104905,104906,
104907,104908,104993,105000,105005,105142,105155,105193,105222,105257,105262,105351,105408,
105437,105650,105651,105655,105656,105658,105759,105845,105847,105851,105852,105964,105965,
105966,106008,106185,106200,106220,106330,106397,106427,106583,106608,106794,106818,106860,
106890,106891,106894,107002,107018,107055,107129,107130,107133,107135,107136,107333,107343,
107344,107431,107565,107628,107803,107877,107969,107993,107995,107998,108001,108066,108081,
108268,108275,108278,108286,108291,108304,108313,108319,108399,108400,108404,108406,108408,
108411,108413,108416,108612,108616,108649,108653,108674,108711,108732,108738,108766,108953,
108996,109001,109032,109034,109053,109086,109087,109090,109094,109224,109300,109312,109350,
109353,109355,109389,109481,109613,109631,109640,109644,109704,109705,109706,109709,109754,
109757,109769,109795,109796,109797,109801,109873,109877,109896,109944,109947,109948,109972,
110043,110061,110062,110261,110350,110383,110419,110424,110426,110447,110513,110514,110517,
110518,110522,110602,110662,110663,110726,110727,110772,110774,110775,110776,110813,110814,
110869,110925,110987,111066,111103,111123,111136,111196,111216,111261,111262,111449,111451,
111467,111562,111566,111636,111640,111641,111715,111730,111805,111870,111873,111877,111894,
112054,112066,112095,112184,112211,112213,112216,112219,112383,112398,112401,112438,112473,
112475,112476,112478,112485,112518,112582,112586,112587,112604,112605,112612,112664,112666,
112667,112670,112673,112683,112900,112901,112991,112997,113149,113291,113295,113511,113544,
113563,113564,113621,113632,113634,113636,113639,113653,113663,113834,113836,113839,113840,
113885,113932,114001,114024,114026,114039,114040,114078,114089,114205,114278,114450,114455,
114539,114540,114565,114567,114692,114693,114763,114767,115042,115250,115321,115323,115324,
115434,115461,115493,115494,115495,115624,115941,115958,115961,116147,116167,116200,116555,
116556,116637,116640,116641,116646,116653,116721,116723,116773,116774,116782,116901,116910,
116913,116927,116929,116932,116933,116939,116940,117070,117179,117283,117294,117325,117363,
117425,117426,117429,117430,117431,117433,117444,117461,117725,117728,117748,117752,117817,
117818,117819,117993,118005,118240,118359,118496,118500,118621,118703,118847,118850,118851,
118865,119045,119049,119052,119110,119183,119189,119538,119712,119719,119975,119978,119984,
120002,120006,120009,120057,120139,120150,120216,120217,120220,120245,120248,120319,120322,
120324,120369,120434,120439,120440,120444,120445,120872,120873,120879,121173,121177,121178,
121179,121180,121192,121373,121374,121376,121458,121464,121465,121508,121732,121856,121862,
121909,121910,121911,121918,121920,121975,122112,122113,122116,122117,122223,122224,122225,
122228,122321,122348,122349,122502,122523,122524,122525,122526,122547,122626,122627,122631,
122632,122698,122703,122797,122833,122834,122835,122837,122838,122900,122986,123010,123011,
123013,123015,123018,123062,123063,123069,123140,123361,123363,123367,123368,123369,123448,
123501,123569,123572,123573,123620,123624,123682,123684,123687,123688,123727,123748,123753,
123755,123797,123799,123800,123848,123849,123852,123853,123857,123947,123961,123979,124071,
124267,124268,124269,124272,124315,124336,124389,124391,124392,124431,124462,124464,124468,
124470,124618,124619,124656,124754,124813,124816,124818,124819,124893,124983,124985,125203,
125204,125331,125333,125335,125337,125340,125432,125438,125462,125484,125485,125487,125488,
125572,125573,125576,125607,125738,125785,125790,125791,125798,125973,125988,126113,126119,
126274,126429,126728,126730,126732,126744,126747,126808,126809,126838,126872,126883,126916,
126985,127117,127130,127134,127145,127148,127258,127259,127260,127279,127297,127317,127321,
127328,127371,127421,127594,127658,127697,127749,127816,127927,127941,128016,128027,128029,
128030,128163,128165,128207,128209,128243,128389,128390,128396,128425,128456,128459,128460,
128461,128510,128513,128757,128759,128791,128814,128886,128887,128888,128966,128967,128969,
129047,129048,129090,129141,129146,129252,129253,129256,129311,129315,129316,129404,129405,
129414,129419,129420,129423,129515,129518,129575,129577,129586,129587,129593,129642,129645,
129646,129647,129650,129660,129664,129796,129798,129810,129811,129814,129815,129819,129820,
129880,129899,129901,129977,130305,130534,130535,130585,130586,130742,130744,130745,130802,
130805,130807,130809,130810,130811,130812,130813,130823,130826,130860,130863,130867,130868,
131025,131026,131030,131032,131138,131200,131201,131204,131337,131364,131404,131406,131419,
131557,131558,131563,131611,131617,131638,131653,131654,131662,131664,131719,131744,131745,
131747,131750,131811,131812,131878,131901,131902,131903,131999,132152,132153,132190,132191,
132335,132337,132341,132368,132372,132415,132416,132417,132419,132421,132430,132459,132461,
133114,133116,133119,133140,133143,133144,133150,133154,133245,133248,133251,133252,133253,
133254,133385,133386,133387,133471,133472,133475,133529,133530,133532,133534,133536,133602,
133604,133778,133785,133786,133806,133811,133812,133817,133891,133989,133992,133993,134017,
134026,134190,134274,134275,134302,134546,134564,134565,134716,134752,134754,134775,134781,
134867,134868,134896,134991,134992,134997,134999,135066,135095,135096,135151,135158,135159,
135232,135268,135401,135402,135410,135492,135495,135514,135560,135561,135590,135593,135596,
135621,135622,135627,135631,135634,135696,135702,135770,135865,135904,135905,135963,135964,
135967,136028,136034,136049,136106,136107,136108,136331,136385,136393,136502,136649,136907,
137124,137125,137126,137128,137129,137131,137132,137157,137158,137268,137269,137270,137275,
137277,137279,137282,137284,137285,137287,137288,137347,137521,137532,137542,137564,137574,
137602,137605,137607,137608,137609,137610,137611,137658,137659,137687,137688,137699,137763,
137765,137766,137895,137913,137950,137952,137953,137955,137985,138141,138208,138217,138267,
138268,138269,138274,138276,138277,138310,138360,138361,138363,138364,138365,138368,138411,
138412,138420,138453,138454,138455,138456,138628,138633,138645,138648,138652,138670,138671,
138676,138725,138811,138814,138831,138860,138861,139003,139054,139056,139059,139060,139130,
139133,139188,139189,139198,139201,139202,139205,139345,139350,139383,139384,139385,139423,
139441,139445,139447,139473,139672,139741,139756,139767,139769,139793,139814,139826,139829,
139833,139864,139865,139866,139867,139899,139900,139946,139948,139949,139950,139951,139999,
140135,140183,140187,140188,140364,140367,140368,140369,140595,140612,140615,140616,140618,
140647,140649,140650,140707,140709,140714,140715,140719,140720,140721,140723,140739,140741,
140742,140743,140786,140788,140790,140811,140812,140825,140835,140871,140944,140945,140985,
140986,141111,141117,141170,141174,141175,141176,141373,141430,141452,141592,141594,141611,
141612,141614,141618,141664,141665,141667,141671,141697,141701,141778,141780,141835,141875,
141880,141881,141904,141980,141981,141982,142019,142020,142021,142127,142131,142133,142181,
142189,142191,142192,142244,142357,142498,142505,142507,142508,142510,142511,142521,142525,
142527,142528,142533,142581,142591,142592,142597,142603,142866,142867,142868,142869,142870,
142892,142914,142994,143077,143078,143083,143105,143106,143107,143109,143114,143115,143231,
143268,143270,143303,143307,143310,143314,143442,143469,143473,143485,143489,143544,143600,
143606,143755,143756,143758,143785,143786,143787,143788,143789,143793,143860,143864,143865,
143868,143872,143904,143909,143913,143914,143939,143940,143941,143983,143985,143986,143988,
144341,144342,144343,144346,144347,144348,144364,144365,144366,144370,144371,144396,144397,
144402,144403,144406,144495,144544,144546,144548,144550,144551,144609,144610,144612,144646,
144647,144648,144817,144848,144849,144851,144853,144885,144917,144920,144923,145012,145020,
145064,145066,145072,145249,145251,145314,145379,145405,145408,145540,145545,145546,145557,
145606,145646,145647,145648,145650,145660,145804,145815,145816,145884,145887,145978,145979,
146025,146104,146105,146106,146107,146108,146194,146195,146246,146333,146521,146522,146523,
146553,146554,146557,146574,146577,146581,146797,146804,146812,146867,146869,146873,146874,
146875,146947,146948,146954,147009,147010,147043,147069,147070,147071,147072,147147,147159,
147300,147302,147310,147507,147514,147597,147600,147602,147605,147636,147695,147697,147698,
147700,147701,147702,147778,147792,147844,147862,147869,147893,147895,147897,147900,147901,
147905,147937,147970,148007,148008,148010,148011,148012,148013,148015,148021,148051,148053,
148054,148056,148058,148059,148061,148067,148085,148086,148101,148102,148104,148124,148161,
148222,148224,148225,148226,148228,148231,148257,148269,148276,148277,148282,148285,148286,
148287,148288,148332,148344,148346,148348,148433,148612,148616,148666,148670,148690,148697,
148731,148734,148778,148779,148780,148781,148782,148797,148798,148801,148864,148865,148900,
148901,148932,148933,149076,149154,149156,149158,149169,149303,149307,149321,149358,149359,
149397,149398,149474,149478,149522,149526,149528,149530,149531,149534,149535,149536,149555,
149562,149564,149736,149742,149901,149903,149906,149909,150002,150003,150022,150254,150258,
150356,150472,150473,150474,150475,150720,150722,150724,150865,150878,150893,150899,150910,
150930,150932,150947,150995,150996,150998,151002,151005,151022,151023,151026,151031,151037,
151038,151161,151185,151557,151606,151607,151608,151609,151618,151619,151620,151625,151635,
151636,151655,151663,151709,151710,151845,151854,151855,151856,151858,151860,151861,151901,
151933,151934,152015,152017,152020,152027,152109,152293,152394,152500,152512,152513,152514,
152535,152536,152676,152678,152679,152681,152707,152708,152858,152911,152914,152984,153039,
153042,153044,153045,153046,153047,153048,153120,153122,153249,153250,153259,153260,153264,
153270,153271,153272,153274,153276,153281,153282,153286,153287,153368,153369,153380,153381,
153383,153385,153391,153392,153393,153394,153705,153706,153812,153929,154211,154213,154285,
154287,154296,154309,154332,154336,154340,154387,154395,154426,154429,154430,154431,154432,
154523,154699,154701,154702,154705,154706,154751,154752,154759,154778,154971,154972,154974,
154975,154990,155045,155048,155050,155059,155169,155187,155191,155294,155322,155365,155379,
155385,155714,155716,155720,155721,155722,155812,155814,155821,155865,155866,155868,155945,
155947,155949,155950,155969,155970,156001,156002,156086,156140,156148,156149,156208,156214,
156216,156217,156221,156228,156424,156427,156731,156802,156806,156933,156937,156940,157010,
157011,157013,157016,157017,157018,157037,157071,157076,157228,157229,157230,157232,157234,
157258,157259,157260,157326,157384,157387,157419,157424,157425,157427,157541,157566,157631,
157632,157889,157890,157891,157892,157893,157895,157935,157972,157992,158033,158063,158064,
158065,158240,158242,158243,158308,158309,158312,158314,158318,158319,158575,158576,158578,
158606,158607,158608,158609,158610,158631,158632,158634,158637,158680,158683,158693,158694,
158699,158700,158729,158730,158733,158734,158736,158756,158757,158758,158759,158760,158761,
158762,158763,158764,158802,158806,158807,158809,158812,158975,158983,158992,159117,159119,
159121,159156,159158,159161,159162,159268,159285,159293,159294,159365,159366,159368,159402,
159445,159446,159447,159448,159451,159513,159517,159542,159550,159620,159627,159628,159658,
159697,159951,159954,159957,159958,159959,159973,159977,159979,160010,160011,160013,160071,
160091,160093,160094,160095,160247,160290,160293,160301,160305,160306,160307,160308,160309,
160533,160534,160535,160559,160570,160648,160651,160652,160725,160803,160824,160825,160851,
160852,160853,160855,160878,160971,160972,161083,161092,161093,161095,161333,161416,161418,
161479,161480,161481,161482,161515,161530,161745,161748,161754,161838,161843,161844,161875,
161906,161912,161918,161921,161925,161926,161927,161929,161962,161966,162055,162089,162092,
162093,162135,162137,162140,162147,162148,162150,162151,162152,162154,162156,162157,162189,
162267,162268,162269,162380,162381,162382,162579,162612,162613,162786,162787,162788,162829,
162830,162900,162907,162942,162944,162947,162948,162960,162961,162965,162967,162969,162971,
162973,162977,162982,162984,163005,163009,163014,163167,163169,163179,163180,163183,163184,
163185,163186,163188,163288,163433,163435,163436,163485,163496,163497,163499,163500,163505,
163701,163703,163704,163706,163709,163760,163774,163775,163776,163862,163866,163867,163965,
163971,163973,163977,163999,164001,164033,164356,164365,164369,164370,164432,164471,164474,
164475,164476,164477,164483,164551,164555,164567,164568,164571,164572,164656,164747,164756,
164760,164761,164762,164763,164835,164837,164838,164848,164883,164887,164888,164890,164980,
164981,164982,164986,164987,165062,165063,165077,165228,165231,165320,165322,165324,165335,
165337,165433,165434,165560,165580,165672,165674,165675,165676,165744,165750,165751,165755,
165866,165868,165873,165914,165915,165965,166021,166038,166039,166078,166123,166124,166127,
166129,166130,166176,166177,166183,166272,166273,166324,166325,166326,166327,166329,166331,
166334,166335,166410,166411,166412,166512,166577,166579,166601,166602,166605,166634,166637,
166701,166702,166704,166705,166842,166843,166844,166847,166849,166917,166921,166922,166924,
166925,167022,167023,167051,167052,167053,167078,167107,167108,167110,167111,167112,167182,
167184,167254,167307,167308,167317,167318,167319,167320,167568,167569,167573,167574,167664,
167798,167803,167806,167975,167976,168022,168221,168399,168430,168431,168466,168484,168485,
168486,168490,168547,168551,168558,168584,168586,168601,168605,168738,168998,168999,169039,
169041,169042,169084,169088,169090,169118,169142,169155,169188,169191,169275,169276,169277,
169279,169374,169375,169377,169379,169385,169388,169389,169390,169391,169397,169401,169402,
169407,169456,169457,169458,169459,169556,169590,169591,169663,169689,169691,169694,169696,
169717,169720,169726,169803,169838,169849,169850,169851,169852,169853,169917,169918,169932,
169933,169935,169946,169948,169952,169974,169977,169978,169979,170016,170133,170139,170140,
170194,170206,170207,170215,170248,170261,170266,170267,170364,170365,170366,170367,170503,
170506,170507,170508,170510,170584,170586,170587,170588,170622,170628,170649,170651,170711,
170714,170716,170783,170818,170926,170927,170928,170929,170930,170932,170936,170949,171043,
171044,171045,171100,171171,171180,171182,171186,171187,171213,171215,171219,171247,171249,
171387,171388,171391,171392,171448,171449,171517,171518,171520,171521,171522,171529,171530,
171532,171555,171581,171587,171616,171617,171620,171622,171625,171640,171696,171697,171740,
171741,171796,171797,171805,171811,171887,171888,171890,171891,171948,171962,171964,171965,
172045,172046,172047,172062,172063,172090,172091,172093,172094,172096,172170,172171,172196,
172198,172309,172310,172320,172321,172322,172323,172324,172325,172326,172329,172330,172331,
172336,172369,172370,172473,172536,172537,172544,172571,172572,172575,172585,172587,172597,
172632,172633,172637,172657,172659,172660,172661,172663,172734,172735,172738,172740,172792,
172801,172802,172823,172827,172912,172913,172914,172915,172916,172917,172968,173012,173013,
173014,173143,173209,173210,173214,173215,173290,173294,173295,173296,173297,173418,173429,
173504,173582,173584,173589,173590,173643,173644,173647,173648,173651,173653,173654,173656,
173657,173677,173678,173679,173680,173681,173686,173687,173714,173717,173718,173719,173810,
173812,173834,173835,173836,173838,173841,173842,173843,173894,174075,174077,174080,174125,
174127,174128,174129,174130,174150,174151,174156,174168,174262,174263,174265,174267,174268,
174294,174296,174297,174299,174435,174487,174488,174489,174559,174560,174561,174562,174564,
174565,174581,174588,174730,174732,174733,174734,174735,174739,174771,174772,174773,174787,
174788,174789,174790,174791,174793,174831,174833,174834,174835,174890,174917,174918,175069,
175197,175198,175199,175200,175201,175202,175203,175228,175231,175234,175235,175263,175264,
175266,175268,175271,175272,175302,175364,175365,175368,175412,175469,175473,175554,175555,
175582,175584,175586,175629,175630,175631,175852,175853,175859,175865,175910,175911,175918,
175919,175939,175952,175956,175957,175958,175959,175964,175965,175972,175979,176009,176011,
176012,176016,176022,176024,176026,176027,176040,176048,176050,176051,176052,176083,176084,
176088,176103,176104,176119,176124,176125,176127,176134,176136,176139,176140,176141,176143,
176146,176148,176149,176150,176151,176154,176155,176158,176159,176160,176161,176162,176166,
176168,176169,176171,176172,176184,176185,176186,176188,176189,176190,176194,176195,176196,
176197,176199,176200,176202,176205,176209,176213,176265,176268,176284,176285,176287,176288,
176289,176292,176294,176299,176300,176301,176303,176304,176308,176350,176352,176359,176363,
176368,176373,176374,176375,176377,176378,176380,176382,176398,176424,176425,176426,176427,
176428,176429,176469,176470,176474,176489,176506,176508,176511,176513,176514,176530,176532,
176538,176539,176540,176553,176581,176584,176587,176589,176590,176591,176596,176597,176610,
176613,176614,176618,176619,176620,176629,176630,176642,176645,176651,176664,176668,176669,
176671,176672,176701,176702,176704,176705,176707,176711,176719,176721,176724,176725,176726,
176773,176775,176786,176822,176824,176826,176827,176828,176829,176843,176845,176857,176862,
176879,176880,176881,176884,176886,176932,176935,176936,176937,176939,176942,176944,176945,
176949,176950,176953,176956,176957,176958,176961,176985,176986,176987,176990,176991,176992,
176994,176995,176996,177001,177002,177004,177013,177014,177016,177018,177020,177066,177067,
177068,177070,177071,177073,177076,177141,177142,177148,177149,177150,177151,177162,177163,
177165,177166,177201,177202,177205,177207,177211,177212,177214,177250,177252,177255,177257,
177271,177273,177274,177275,177352,177355,177359,177362,177364,177368,177369,177372,177373,
177374,177428,177429,177430,177431,177433,177434,177435,177436,177437,177438,177448,177453,
177455,177482,177484,177485,177487,177489,177571,177572,177596,177597,177600,177638,177639,
177640,177642,177668,177669,177670,177671,177673,177675,177775,177776,177792,177793,177795,
177796,177892,177904,177906,177982,178400,178426,178695,178696,178913,178984,178988,178991,
179039,179045,179046,179047,179053,179054,179112,179298,179438,179439,179552,179688,179912,
180194,180195,180196,180197,180204,180249,180292,180342,180651,180655,180656,180841,181478,
181700,181954,181959,182126,182130,182131,182166,182168,182172,182184,182335,182336,182338,
182573,182594,182608,182867,182897,183191,183193,183194,183602,184024,184116,184229,184230,
184295,184300,184303,184305,184365,184368,184641,184649,184650,184651,184652,184845,184890,
184892,184920,184928,184931,185233,185234,185237,185331,185335,185391,185394,185451,185454,
185458,185890,186079,186084,186089,186093,186095,186096,186105,186116,186204,186207,186465,
186691,186714,187726,188000,188001,188002,188359,188360,188362,188428,188505,188507,188513,
188514,188515,188516,189680,189681,189687,189789,189888,190200,190246,190247,190248,190249,
190250,190339,190340,190443,190444,190608,190658,190860,190861,191094,191095,191144,191148,
191584,191704,191706,191733,191735,191736,191913,192031,192132,192133,192339,192343,192418,
192949,192954,192955,192999,193000,193592,193595,193596,193600,193654,193656,194184,194290,
194494,194663,194808,194859,194860,194861,194918,194919,194920,194923,194925,195000,195474,
195475
END_

! ----------------------------------------------------------------
!
!
! Design Response: MinimizeMass_DResp
!
DRESP
  ID_NAME = MinimizeMass_DResp
  LIST = NO_LIST
  DEF_TYPE = SYSTEM
  EL_GROUP = ALL_ELEMENTS
  TYPE = WEIGHT
  GROUP_OPER = SUM
END_

! ----------------------------------------------------------------
!
! Design Response: Mass_DResp_1
!
DRESP
  ID_NAME = Mass_DResp_1
  LIST = NO_LIST
  DEF_TYPE = SYSTEM
  EL_GROUP = ALL_ELEMENTS
  TYPE = WEIGHT
  GROUP_OPER = SUM
END_

! ----------------------------------------------------------------
!
! Design Response: Stress_DResp_1
!
DRESP
  ID_NAME = Stress_DResp_1
  LIST = NO_LIST
  DEF_TYPE = SYSTEM
  EL_GROUP = ALL_ELEMENTS
  TYPE = SIG_TOPO_MISES
  GROUP_OPER = MAX
  LC_SET = STATIC, 1, ALL, MAX
END_

! ----------------------------------------------------------------
!
!
! Design Area: Task1_DESIGN_AREA
!
DV_TOPO
  ID_NAME = Task1_DESIGN_AREA
  EL_GROUP = ALL_ELEMENTS
END_

! ----------------------------------------------------------------
!
! Objective Function: MinimizeMass_Obj_Func
!
OBJ_FUNC
  ID_NAME = MinimizeMass_Obj_Func
  DRESP = MinimizeMass_DResp, 1.0
  TARGET = MIN
END_

! ----------------------------------------------------------------
!
! Constraint: Mass_Constraint_1
!
CONSTRAINT
  ID_NAME = Mass_Constraint_1
  DRESP = Mass_DResp_1
  MAGNITUDE = REL
  LE_VALUE = 0.4
END_

! ----------------------------------------------------------------
!
! Constraint: Stress_Constraint_2
!
CONSTRAINT
  ID_NAME = Stress_Constraint_2
  DRESP = Stress_DResp_1
  MAGNITUDE = ABS
  LE_VALUE = 3.18e+06
END_

! ----------------------------------------------------------------
!
! Geometric Restriction: Symm_ManufacConstraint_3-1
!
LINK_TOPO
  ID_NAME = Symm_ManufacConstraint_3-1_LINK_
  TYPE = PLANE_SYM, AXIS_3
  CS = CS_0 
  IGNORE_FROZEN = FALSE
END_

DVCON_TOPO
  ID_NAME = Symm_ManufacConstraint_3-1
  EL_GROUP = ALL_ELEMENTS
  CHECK_TYPE = LINK_TOPO
  CHECK_LINK = Symm_ManufacConstraint_3-1_LINK_
END_

! ----------------------------------------------------------------
!
! Geometric Restriction: Thickness_ManufacConstraint_4
!
DVCON_TOPO
  ID_NAME = Thickness_ManufacConstraint_4
  EL_GROUP = ALL_ELEMENTS
  CHECK_TYPE = MIN_MEMBER
  THICKNESS = 0.0118525
END_

! ----------------------------------------------------------------
!
! Geometric Restriction: Frozen_ManufacConstraint_5
!
DVCON_TOPO
  ID_NAME = Frozen_ManufacConstraint_5
  EL_GROUP = FROZEN_AREA_ELEMS_GRP_1
  CHECK_TYPE = FROZEN
END_

! ----------------------------------------------------------------
!
!
! Optimize: OPTIMIZE_1_TOPOLOGY_OPTIMIZATION_CONTROLLER 
!
OPTIMIZE
  ID_NAME = OPTIMIZE_1_TOPOLOGY_OPTIMIZATION_SENSITIVITY
  DV = Task1_DESIGN_AREA
  OBJ_FUNC = MinimizeMass_Obj_Func
  DVCON = Symm_ManufacConstraint_3-1
  DVCON = Thickness_ManufacConstraint_4
  DVCON = Frozen_ManufacConstraint_5
  CONSTRAINT = Mass_Constraint_1
  CONSTRAINT = Stress_Constraint_2
  STRATEGY = TOPO_SENSITIVITY
END_

OPT_PARAM
  ID_NAME = OPTIMIZE_1_TOPOLOGY_OPTIMIZATION_SENSITIVITY_OPT_PARAM_
  OPTIMIZE = OPTIMIZE_1_TOPOLOGY_OPTIMIZATION_SENSITIVITY
  DV_UPDATE_STRATEGY = CSA
  STABILIZATION = YES
  AUTO_FROZEN = BOTH
  AUTO_FROZEN_CON = BOTH
  STOP_CRITERION_LEVEL = BOTH
  STOP_CRITERION_OBJ = 0.001
  STOP_CRITERION_DENSITY = 0.005
END_

STOP
  ID_NAME = Task-1_GLOBAL_STOP_CONDITION_
  ITER_MAX = 80
END_

